%YAML:1.0
description: "3"
samples:
   - !!opencv-matrix
      rows: 198
      cols: 1
      dt: d
      data: [ -1.8726774801481291e+01, -1.7907069223578823e+01,
          -1.6669241933830094e+01, -1.5018302414368391e+01,
          -1.2847494493078827e+01, -1.0176716266966029e+01,
          -6.9839468997555025e+00, -3.1537719130995510e+00,
          1.4611115512719646e+00, 5.9993480698084873e+00,
          9.3858472157535306e+00, 1.2050644978294004e+01,
          1.4208486948469403e+01, 1.5888175578350817e+01,
          1.6982481749870487e+01, 1.7582264129723789e+01,
          1.7697884697010647e+01, -1.5594849486951500e+01,
          -1.4000835080714257e+01, -1.1577266224851885e+01,
          -8.8343454145459575e+00, -6.0848184629555258e+00,
          3.1455396237996958e+00, 5.6860504089018962e+00,
          8.3527050435822385e+00, 1.0900899729330646e+01,
          1.2875086670964617e+01, -6.8930758879997445e-01,
          -5.2169064470619264e-01, -3.5213358298329445e-01,
          -1.8292018828326079e-01, -2.9200501349407779e+00,
          -1.3647628308249278e+00, 2.0540794140909019e-01,
          1.7339875287768245e+00, 3.2185275063933223e+00,
          -1.1951093964499186e+01, -1.0351140483448646e+01,
          -8.0555634993974348e+00, -6.1881892972161774e+00,
          -7.9834876234124588e+00, -1.0061880063008584e+01,
          4.7999221397005014e+00, 6.4803475645978965e+00,
          8.7714937107165234e+00, 1.0572447685954630e+01,
          8.8274934186304055e+00, 6.7326290324821274e+00,
          -5.6014505483041601e+00, -4.5911067145741562e+00,
          -2.5114771120403794e+00, 4.9531228715935899e-01,
          3.4905152545930038e+00, 5.8253652958382913e+00,
          7.1391708277735084e+00, 6.0405480792162036e+00,
          4.1079422091416609e+00, 1.1788104100598971e+00,
          -1.8386771062331850e+00, -4.0882873973444696e+00,
          -2.4736273940171785e+00, 6.3817560303586496e-01,
          3.7673179969194095e+00, 4.0376985694827070e+00,
          1.0141788344493639e+00, -2.1867162119426773e+00,
          -5.2460310198246285e+00, -5.2940942357420329e-01,
          4.0964170850549211e+00, 8.7024836040462290e+00,
          1.3209098091313475e+01, 1.7365670721400601e+01,
          2.1089882461720972e+01, 2.4084566162105908e+01,
          2.5067537186394127e+01, 2.3499399313487658e+01,
          1.9929403882026200e+01, 1.5752334687552784e+01,
          1.1262093701672892e+01, 6.5298432597039033e+00,
          1.7975287035657170e+00, -2.9023965172745450e+00,
          -7.6448536648111496e+00, -1.5151816100932948e+01,
          -1.7234487966631757e+01, -1.8481738008143491e+01,
          -1.8789574368463118e+01, -1.8449876766988083e+01,
          -1.8957986752918242e+01, -1.9777686433517552e+01,
          -1.9972690781774538e+01, -1.9323472814095524e+01,
          -1.7766126612401727e+01, -1.2041750584126094e+01,
          -9.6254059052285275e+00, -7.2174193586891455e+00,
          -4.8381313038186811e+00, -7.6716106797031558e-02,
          1.1436291367791585e-01, 1.4252693191740984e-01,
          -1.0157059001119673e-01, -5.0947292351443729e-01,
          -9.9218554483360215e+00, -1.1444843495382610e+01,
          -1.1690757892709797e+01, -1.0709513226943296e+01,
          -9.5574024050276236e+00, -9.2235399951821950e+00,
          -1.1516012884634710e+01, -1.2749954405039427e+01,
          -1.2860779767965985e+01, -1.1599337428471449e+01,
          -1.0606546057018370e+01, -1.0634275780944069e+01,
          1.0260623867364320e+01, 7.4484348827145235e+00,
          5.0999799912630985e+00, 4.8651336731382715e+00,
          4.6895766673607691e+00, 6.7397451922780593e+00,
          9.4100149220650628e+00, 1.2090478496903565e+01,
          1.4307769373546511e+01, 1.5280687181209530e+01,
          1.4700576356107135e+01, 1.2776355270658259e+01,
          7.6167280122393821e+00, 6.9632653367803297e+00,
          7.1948263629710425e+00, 1.1121557556036350e+01,
          1.2391224664565385e+01, 1.1553422113864572e+01,
          2.0902953036105540e+01, 2.0494079017227602e+01,
          2.0014369788877865e+01, 1.8060789665521291e+01,
          1.3525687802666937e+01, 8.0745027084165262e+00,
          3.1035249599136070e+00, -8.1806663916451638e-01,
          -4.4843990125018989e+00, -8.5871532477306545e-01,
          3.1332394564709922e+00, 8.1347957135056816e+00,
          1.3623155505486210e+01, 1.8110980292413210e+01,
          2.0200784842289877e+01, 2.0703255355722874e+01,
          2.1029662105084405e+01, 2.9092286915114685e-01,
          -1.4727311167058892e+00, -2.8790148212528699e+00,
          -4.2186418392376401e+00, -5.4615722244283589e+00,
          -5.4629794178149940e+00, -4.1181611799712181e+00,
          -2.6982599013198754e+00, -1.2194285234219546e+00,
          4.6614683726184103e-01, -4.8322108199802507e+00,
          -7.5820596360688386e+00, -1.0365167504295705e+01,
          -1.3119785544860321e+01, -6.3546492440049347e+00,
          -7.0942829747443490e+00, -7.8983418682212392e+00,
          -7.0984859487653624e+00, -6.3787051745384336e+00,
          -8.1251777346787102e-01, -9.9433062722667231e-01,
          -1.2352669721383622e+00, -1.0381016419694769e+00,
          -1.1383144912596939e+00, -9.9904963851399087e-01,
          -9.5881114752304308e-01, -1.1334987001928194e+00,
          -8.4138814775777448e-01, -6.2417919602542160e-01,
          -8.5190227943417085e-01, -1.0122232584741904e+00,
          -2.5788447327462665e+00, -4.8715906949397842e+00,
          -6.4586933922047587e+00, -8.2270523501784272e+00,
          -6.3922972711968322e+00, -4.7800449499961557e+00,
          -2.5178813349364151e+00, -4.1885226689915358e+00,
          -5.3895207422919222e+00, -6.8618734331178972e+00,
          -5.3956651618233433e+00, -4.1382166041860806e+00,
          -4.7899617075651602e+00, -7.3942792529002173e+00,
          -4.7602223666805168e+00, -4.4110507708127935e+00,
          -6.2493686843950202e+00, -4.4084153003609226e+00 ]
   - !!opencv-matrix
      rows: 198
      cols: 1
      dt: d
      data: [ -1.9035680433297713e+01, -1.8199271820736058e+01,
          -1.6953426693934553e+01, -1.5359242409743292e+01,
          -1.3246282426443981e+01, -1.0487468506928083e+01,
          -7.1115889189181205e+00, -3.1095701433090697e+00,
          1.6134764300670723e+00, 6.1784994833465205e+00,
          9.6730283170049987e+00, 1.2458382849784055e+01,
          1.4653360515617933e+01, 1.6250362739022592e+01,
          1.7251897228154874e+01, 1.7829061163930305e+01,
          1.7950442633387194e+01, -1.6103594590290307e+01,
          -1.4318118861243509e+01, -1.1721960005052763e+01,
          -8.8376250172153039e+00, -5.9546672535814702e+00,
          3.1509566337608628e+00, 5.7656168035811293e+00,
          8.5068533226225505e+00, 1.1159254526057548e+01,
          1.3282038614523128e+01, -6.9196884298480554e-01,
          -5.1870176914275667e-01, -3.4264402962969387e-01,
          -1.6544383151544273e-01, -2.9650662072278671e+00,
          -1.3875285401162207e+00, 2.1257958378802877e-01,
          1.7708709630086850e+00, 3.2733976068108692e+00,
          -1.2376530232392270e+01, -1.0657950833763731e+01,
          -8.2184620650391942e+00, -6.2659511966691115e+00,
          -8.1981888416912518e+00, -1.0393654430372338e+01,
          4.8067637361461921e+00, 6.5392395860342019e+00,
          8.9670951008438227e+00, 1.0897955117813574e+01,
          9.0664054535424352e+00, 6.8595102016804033e+00,
          -5.6942828733650908e+00, -4.5071521599551829e+00,
          -2.4097871593941811e+00, 5.0737407268822809e-01,
          3.3990873659492746e+00, 5.7373169400639865e+00,
          7.2106814557093530e+00, 5.9548221872790315e+00,
          3.9462442404704241e+00, 1.1505735548645344e+00,
          -1.7343533486408962e+00, -4.0289775758669428e+00,
          -2.3470970517792460e+00, 6.6554537024879012e-01,
          3.6934285664506334e+00, 3.8683401396169437e+00,
          9.6724338706244783e-01, -2.0706432452954662e+00,
